Mr. Sam
4,0,0,5,3,4,5,5,0,5,0,0,0,3,5,5,4,0,5,4,3,0,5,0,0,4,0,5,4,0,4,4,4,0,0,3,5,4,0,4,5,5,5,4,3,4,5,5,0,4,0,0,4,0,4,0,3,3,3,0,5,5,0,0,0,3,0,0,0,4,0,0,0,0,4,3,3,3,0,3,0,0,5,0,4,4,0,0,5,0,4,0,0,4,0,0,4,0,4,0
Aarushi
0,0,0,0,0,5,0,0,0,0,0,0,5,4,0,0,4,0,5,0,0,0,0,5,0,5,0,5,0,0,0,5,5,5,5,0,0,0,4,5,5,0,0,4,0,0,5,5,0,0,0,0,0,0,0,4,0,0,0,0,0,5,0,5,0,0,0,0,0,3,0,0,0,0,0,0,0,0,0,0,5,0,5,0,0,0,0,0,4,5,0,0,0,0,0,0,0,5,5,0
RB
3,3,4,0,3,0,0,0,0,4,0,0,4,3,5,0,4,5,5,0,0,0,5,5,0,5,1,0,4,0,5,4,0,0,5,0,0,0,5,3,4,3,3,0,0,0,5,5,0,0,3,0,0,3,0,0,3,0,4,0,0,3,0,5,0,4,0,0,0,4,0,5,0,0,0,4,5,0,0,0,0,0,5,0,0,4,2,0,4,5,4,4,3,4,0,5,5,0,0,3
Justin
0,0,0,0,0,5,0,0,0,0,0,2,4,5,3,0,0,0,4,0,4,0,0,5,0,0,0,4,0,0,0,5,3,2,0,0,0,5,0,3,3,0,3,0,0,0,0,5,0,0,0,0,0,1,0,0,0,3,0,0,0,0,0,5,0,0,0,0,0,2,0,4,0,0,0,0,0,0,0,0,0,0,4,0,0,0,1,0,4,2,0,0,0,0,3,0,0,4,0,0
Mrs. R
4,3,5,4,4,4,3,2,4,4,1,2,0,5,4,4,5,4,4,4,5,4,4,4,4,5,4,5,4,5,5,4,3,3,4,4,5,4,4,4,4,5,5,0,3,4,5,4,3,5,4,0,5,0,4,0,3,4,4,4,5,2,5,0,0,3,0,0,5,4,3,4,4,5,4,3,5,5,5,3,0,4,5,0,0,5,3,3,4,3,4,4,0,5,3,4,4,4,0,0
Jonathan
5,5,0,5,4,4,5,5,0,5,0,2,4,4,4,4,3,0,5,0,5,0,5,4,3,4,4,4,5,0,5,5,0,4,4,0,5,4,0,5,5,4,4,4,0,5,5,5,4,4,4,0,0,2,0,4,3,3,5,0,4,4,0,4,0,4,3,4,5,3,4,0,0,4,2,5,4,5,0,2,3,3,5,0,5,5,2,0,3,3,4,2,4,4,3,4,4,0,4,0
Tavio
0,3,0,4,0,0,0,0,0,2,0,0,4,3,0,0,0,0,5,0,4,0,0,5,0,0,0,4,0,0,0,5,5,0,4,0,0,0,0,0,0,0,0,5,4,0,0,0,0,0,0,0,0,0,0,0,0,3,0,3,0,3,0,4,0,0,0,0,4,4,5,3,0,0,4,0,0,0,0,0,0,0,0,0,0,0,0,0,4,0,0,0,4,3,0,0,0,4,5,0
Kevin
0,5,0,0,0,5,0,0,0,0,0,0,5,5,0,0,0,0,0,0,0,0,0,0,0,0,0,5,1,0,0,0,0,0,5,0,0,5,0,0,0,0,5,0,0,0,5,1,0,0,0,0,0,0,0,0,0,0,0,0,0,0,0,0,0,0,0,0,0,4,0,5,0,0,0,0,0,0,0,0,0,0,5,0,0,0,0,0,0,0,0,0,4,0,0,0,0,5,0,0
Brendan
0,3,0,0,0,5,5,0,0,4,0,2,5,5,4,4,0,0,4,0,5,0,5,4,3,4,0,5,0,0,5,5,5,3,4,0,5,5,0,4,0,0,5,2,4,2,5,4,0,0,0,0,5,0,0,0,0,4,0,0,4,5,0,4,0,0,0,0,0,4,0,0,0,0,4,0,2,0,0,0,0,0,5,0,5,0,1,0,4,0,0,3,4,0,3,0,4,4,4,4
Seiraj
0,5,0,0,0,5,0,0,0,0,0,0,5,5,0,0,0,0,0,0,0,0,0,5,0,0,0,0,0,0,0,0,0,0,0,0,0,4,0,4,0,0,4,0,0,0,4,4,0,0,0,0,0,0,0,0,0,0,0,0,0,0,0,5,0,0,0,0,0,5,0,0,0,0,0,0,0,0,0,0,0,0,3,0,0,0,5,0,5,0,0,0,0,0,0,0,0,5,0,0
Sumair
0,4,0,5,0,4,0,0,0,0,0,0,4,4,5,0,0,4,4,0,5,0,2,5,0,1,0,5,0,0,0,5,0,0,0,0,0,4,1,5,0,0,3,0,0,0,3,4,0,0,0,0,0,1,0,0,0,4,0,4,0,4,0,2,0,0,3,0,5,4,0,1,0,4,0,0,0,0,0,0,0,0,4,0,0,0,1,0,3,3,0,0,3,4,4,0,3,4,0,1
Leif
0,3,0,0,0,3,5,0,5,0,0,0,4,4,4,5,0,0,5,0,5,0,0,5,0,0,0,5,0,0,0,0,0,0,4,0,5,5,0,0,0,0,5,0,0,0,5,4,0,0,0,0,0,0,0,0,0,0,0,0,0,5,0,0,0,0,0,0,5,3,0,5,0,0,0,0,0,0,0,0,0,0,0,0,0,0,0,0,5,0,0,0,0,0,0,0,0,5,0,0
Cameron
4,2,0,0,0,5,5,0,0,0,1,3,4,5,3,4,0,0,3,0,5,0,0,5,2,4,0,4,0,0,3,4,4,0,4,0,0,4,0,5,4,4,4,5,5,0,4,4,0,0,0,0,5,2,0,0,0,4,4,3,0,4,0,4,0,5,0,0,4,4,0,0,0,0,4,0,0,0,0,0,0,0,4,0,0,5,1,4,4,3,0,0,4,0,3,0,4,4,4,0
Ed
3,4,0,0,4,5,4,3,0,4,0,4,3,4,2,2,3,4,5,0,0,0,3,4,0,4,1,3,4,0,5,5,0,0,4,0,4,4,4,4,0,4,5,3,3,0,5,4,0,0,3,0,0,4,0,3,3,5,5,5,0,4,0,5,0,3,4,0,4,4,0,4,0,5,3,4,4,4,0,3,0,3,4,0,0,5,0,3,4,3,4,4,4,5,4,4,4,4,0,3
Anonymous
3,3,0,4,4,0,4,3,0,0,0,0,0,0,2,0,2,0,3,4,0,0,0,0,3,3,2,4,0,0,5,5,0,0,5,4,4,0,0,4,4,4,4,5,0,3,5,0,0,0,3,4,0,0,4,5,0,3,3,0,0,4,0,0,0,4,0,0,0,3,0,0,0,4,4,0,0,0,0,0,0,0,0,0,0,0,0,0,0,0,0,0,0,4,3,0,4,0,0,0
Dr. Sonny
0,0,0,2,0,0,3,0,3,0,0,5,0,0,0,0,2,0,5,0,0,5,5,0,0,0,3,5,0,0,4,3,0,0,0,0,0,0,0,2,4,3,4,4,5,0,5,4,0,0,4,0,0,0,0,0,4,4,5,0,0,0,0,5,0,0,0,0,0,5,0,0,0,5,0,0,4,4,3,0,0,0,4,0,0,5,0,0,0,0,4,4,0,5,0,2,5,0,0,0
Anonymous
0,2,0,0,0,0,0,0,0,0,0,3,0,0,4,0,0,0,4,5,0,0,0,0,5,3,0,4,0,0,0,0,0,5,5,0,0,0,0,4,4,0,0,0,0,0,0,5,0,0,0,0,0,0,3,0,0,0,2,0,0,4,0,0,0,0,0,0,0,0,0,0,0,0,0,0,0,0,0,0,0,4,5,0,0,0,0,0,5,3,0,0,4,4,0,0,0,0,0,0
Shailah
0,3,0,0,0,0,0,0,0,0,0,4,0,0,5,0,0,0,5,0,0,0,0,0,0,5,0,4,0,0,0,0,0,5,0,0,0,0,0,0,4,0,0,0,0,0,0,4,0,0,0,0,0,0,0,0,0,0,0,0,0,0,0,5,0,0,0,0,0,0,0,4,0,0,0,0,0,0,0,0,5,0,0,0,0,0,0,0,5,5,0,0,0,0,0,0,0,0,4,0
Mr. Stach
3,3,0,5,0,4,5,4,0,3,0,3,0,4,3,5,4,4,5,0,0,4,0,0,2,2,5,5,3,0,5,5,0,4,5,0,0,4,0,3,4,5,5,5,5,0,5,5,0,0,0,0,0,4,0,5,4,4,5,0,0,5,4,4,0,0,0,0,4,5,0,0,0,5,4,0,2,0,0,0,0,0,5,0,0,0,0,3,5,2,2,4,3,5,4,1,3,4,3,4
Atley
0,4,3,0,0,4,0,0,0,0,0,0,4,4,0,0,0,5,4,0,0,0,0,5,0,5,2,4,4,0,0,0,0,0,0,0,0,0,5,4,0,0,4,0,0,0,0,0,0,0,0,0,0,3,0,0,4,0,0,0,0,3,0,5,0,0,0,0,0,4,0,4,0,0,0,0,0,0,0,0,0,5,3,0,0,0,2,0,4,0,0,0,3,0,0,0,5,4,0,3
Daisy
0,5,0,0,0,4,4,0,0,0,0,0,4,5,0,0,0,0,3,0,5,0,0,0,0,5,0,5,0,0,4,5,0,0,5,0,0,0,0,5,0,0,4,0,0,0,0,4,0,0,0,0,0,0,0,0,3,4,0,0,0,4,0,0,0,5,0,0,0,0,0,0,0,0,5,0,0,0,0,5,0,0,0,0,0,0,0,0,0,5,0,0,5,5,0,4,5,3,0,0
